; ********************************************************************
; Para settings
; ********************************************************************

[Para Settings] 
a = -1.281000    
b = -0.130000    
c = 0.063000    
d = 11.276000    
amplitude = -21.512000    
center = 27.354000    
sigma = 4.321000    
PID_P = 2.500000    
PID_I = 0.100000    
PID_D = 0.000000    
w_max = 15.000000    
Start_min_off = NaN    
Ende_min_off = NaN    
T_min = -35.000000    
T_max = -2.000000    
time_start_HZ = 120.000000    
time_delay_KH = 30.000000    
KH_Demo = 100.000000    
Koef_Wind = 0.025000    
Spruehstufe = 0.000000    